00000002.png (480,640,3)
00000003.png (480,640,3)
00000004.png (480,640,3)
00000005.png (480,640,3)
00000006.png (480,640,3)
00000007.png (480,640,3)
00000009.png (480,640,3)
00000010.png (480,640,3)
00000011.png (480,640,3)
00000012.png (480,640,3)
00000018.png (480,640,3)
00000019.png (480,640,3)
00000021.png (480,640,3)
00000022.png (480,640,3)
00000023.png (480,640,3)
00000024.png (480,640,3)
00000025.png (480,640,3)
00000026.png (480,640,3)
00000043.png (480,640,3)
00000044.png (480,640,3)
00000047.png (480,640,3)
00000048.png (480,640,3)
00000049.png (480,640,3)
00000050.png (480,640,3)
00000051.png (480,640,3)
00000052.png (480,640,3)
00000053.png (480,640,3)
00000054.png (480,640,3)
00000057.png (480,640,3)
00000063.png (480,640,3)
00000064.png (480,640,3)
00000065.png (480,640,3)
00000066.png (480,640,3)
00000067.png (480,640,3)
00000068.png (480,640,3)
00000069.png (480,640,3)
00000070.png (480,640,3)
00000071.png (480,640,3)
00000072.png (480,640,3)
00000073.png (480,640,3)
00000074.png (480,640,3)
00000079.png (480,640,3)
00000080.png (480,640,3)
00000081.png (480,640,3)
00000082.png (480,640,3)
00000091.png (480,640,3)
00000092.png (480,640,3)
00000093.png (480,640,3)
00000094.png (480,640,3)
00000095.png (480,640,3)
00000096.png (480,640,3)
00000097.png (480,640,3)
00000098.png (480,640,3)
00000099.png (480,640,3)
00000100.png (480,640,3)
00000101.png (480,640,3)
00000102.png (480,640,3)
00000103.png (480,640,3)
00000104.png (480,640,3)
00000105.png (480,640,3)
00000106.png (480,640,3)
00000107.png (480,640,3)
00000108.png (480,640,3)
00000109.png (480,640,3)
00000110.png (480,640,3)
00000111.png (480,640,3)
00000112.png (480,640,3)
00000113.png (480,640,3)
00000114.png (480,640,3)
00000115.png (480,640,3)
00000119.png (480,640,3)
00000120.png (480,640,3)
00000121.png (480,640,3)
00000122.png (480,640,3)
00000123.png (480,640,3)
00000129.png (480,640,3)
00000134.png (480,640,3)
00000135.png (480,640,3)
00000137.png (480,640,3)
00000138.png (480,640,3)
00000139.png (480,640,3)
00000140.png (480,640,3)
00000141.png (480,640,3)
00000142.png (480,640,3)
00000143.png (480,640,3)
00000144.png (480,640,3)
00000145.png (480,640,3)
00000146.png (480,640,3)
00000147.png (480,640,3)
00000148.png (480,640,3)
00000149.png (480,640,3)
00000150.png (480,640,3)
00000151.png (480,640,3)
00000155.png (480,640,3)
00000156.png (480,640,3)
00000157.png (480,640,3)
00000158.png (480,640,3)
00000159.png (480,640,3)
00000160.png (480,640,3)
00000161.png (480,640,3)
00000162.png (480,640,3)
00000163.png (480,640,3)
00000164.png (480,640,3)
00000165.png (480,640,3)
00000169.png (480,640,3)
00000176.png (480,640,3)
00000177.png (480,640,3)
00000178.png (480,640,3)
00000202.png (480,640,3)
00000203.png (480,640,3)
00000204.png (480,640,3)
00000205.png (480,640,3)
00000212.png (480,640,3)
00000213.png (480,640,3)
00000214.png (480,640,3)
00000215.png (480,640,3)
00000216.png (480,640,3)
00000217.png (480,640,3)
00000218.png (480,640,3)
00000222.png (480,640,3)
00000223.png (480,640,3)
00000224.png (480,640,3)
00000225.png (480,640,3)
00000226.png (480,640,3)
00000227.png (480,640,3)
00000228.png (480,640,3)
00000229.png (480,640,3)
00000230.png (480,640,3)
00000231.png (480,640,3)
00000232.png (480,640,3)
00000233.png (480,640,3)
00000234.png (480,640,3)
00000235.png (480,640,3)
00000236.png (480,640,3)
00000237.png (480,640,3)
00000238.png (480,640,3)
00000239.png (480,640,3)
00000240.png (480,640,3)
00000241.png (480,640,3)
00000242.png (480,640,3)
00000243.png (480,640,3)
00000244.png (480,640,3)
00000245.png (480,640,3)
00000246.png (480,640,3)
00000247.png (480,640,3)
00000248.png (480,640,3)
00000250.png (480,640,3)
00000251.png (480,640,3)
00000252.png (480,640,3)
00000253.png (480,640,3)
00000254.png (480,640,3)
00000255.png (480,640,3)
00000256.png (480,640,3)
00000257.png (480,640,3)
00000258.png (480,640,3)
00000259.png (480,640,3)
00000260.png (480,640,3)
00000261.png (480,640,3)
00000262.png (480,640,3)
00000264.png (480,640,3)
00000265.png (480,640,3)
00000266.png (480,640,3)
00000267.png (480,640,3)
00000268.png (480,640,3)
00000269.png (480,640,3)
00000273.png (480,640,3)
00000274.png (480,640,3)
00000275.png (480,640,3)
00000276.png (480,640,3)
00000277.png (480,640,3)
00000285.png (480,640,3)
00000286.png (480,640,3)
00000287.png (480,640,3)
00000288.png (480,640,3)
00000289.png (480,640,3)
00000290.png (480,640,3)
00000291.png (480,640,3)
00000292.png (480,640,3)
00000293.png (480,640,3)
00000294.png (480,640,3)
00000302.png (480,640,3)
00000303.png (480,640,3)
00000304.png (480,640,3)
00000305.png (480,640,3)
00000306.png (480,640,3)
00000307.png (480,640,3)
00000308.png (480,640,3)
00000312.png (480,640,3)
00000313.png (480,640,3)
00000317.png (480,640,3)
00000318.png (480,640,3)
00000319.png (480,640,3)
00000320.png (480,640,3)
00000321.png (480,640,3)
00000322.png (480,640,3)
00000323.png (480,640,3)
00000335.png (480,640,3)
00000336.png (480,640,3)
00000337.png (480,640,3)
00000338.png (480,640,3)
00000339.png (480,640,3)
00000340.png (480,640,3)
00000341.png (480,640,3)
00000342.png (480,640,3)
00000343.png (480,640,3)
00000344.png (480,640,3)
00000345.png (480,640,3)
00000346.png (480,640,3)
00000347.png (480,640,3)
00000348.png (480,640,3)
00000349.png (480,640,3)
00000352.png (480,640,3)
00000353.png (480,640,3)
00000364.png (480,640,3)
00000365.png (480,640,3)
00000366.png (480,640,3)
00000367.png (480,640,3)
00000368.png (480,640,3)
00000369.png (480,640,3)
00000370.png (480,640,3)
00000371.png (480,640,3)
00000372.png (480,640,3)
00000373.png (480,640,3)
00000374.png (480,640,3)
00000375.png (480,640,3)
00000376.png (480,640,3)
00000377.png (480,640,3)
00000378.png (480,640,3)
00000379.png (480,640,3)
00000380.png (480,640,3)
00000381.png (480,640,3)
00000382.png (480,640,3)
00000390.png (480,640,3)
00000391.png (480,640,3)
00000392.png (480,640,3)
00000393.png (480,640,3)
00000397.png (480,640,3)
00000398.png (480,640,3)
00000399.png (480,640,3)
00000400.png (480,640,3)
00000401.png (480,640,3)
00000402.png (480,640,3)
00000403.png (480,640,3)
00000404.png (480,640,3)
00000405.png (480,640,3)
00000406.png (480,640,3)
00000407.png (480,640,3)
00000408.png (480,640,3)
00000409.png (480,640,3)
00000414.png (480,640,3)
00000415.png (480,640,3)
00000416.png (480,640,3)
00000417.png (480,640,3)
00000418.png (480,640,3)
00000419.png (480,640,3)
00000420.png (480,640,3)
00000421.png (480,640,3)
00000422.png (480,640,3)
00000423.png (480,640,3)
00000424.png (480,640,3)
00000425.png (480,640,3)
00000426.png (480,640,3)
00000427.png (480,640,3)
00000428.png (480,640,3)
00000435.png (480,640,3)
00000436.png (480,640,3)
00000437.png (480,640,3)
00000438.png (480,640,3)
00000439.png (480,640,3)
00000448.png (480,640,3)
00000449.png (480,640,3)
00000450.png (480,640,3)
00000451.png (480,640,3)
00000452.png (480,640,3)
00000453.png (480,640,3)
00000454.png (480,640,3)
00000455.png (480,640,3)
00000456.png (480,640,3)
00000457.png (480,640,3)
00000458.png (480,640,3)
00000459.png (480,640,3)
00000460.png (480,640,3)
00000466.png (480,640,3)
00000467.png (480,640,3)
00000477.png (480,640,3)
00000478.png (480,640,3)
00000479.png (480,640,3)
00000480.png (480,640,3)
00000481.png (480,640,3)
00000482.png (480,640,3)
00000483.png (480,640,3)
00000484.png (480,640,3)
00000485.png (480,640,3)
00000486.png (480,640,3)
00000487.png (480,640,3)
00000488.png (480,640,3)
00000489.png (480,640,3)
00000490.png (480,640,3)
00000491.png (480,640,3)
00000492.png (480,640,3)
00000493.png (480,640,3)
00000494.png (480,640,3)
00000495.png (480,640,3)
00000496.png (480,640,3)
00000497.png (480,640,3)
00000498.png (480,640,3)
00000499.png (480,640,3)
00000500.png (480,640,3)
00000501.png (480,640,3)
00000502.png (480,640,3)
00000503.png (480,640,3)
00000504.png (480,640,3)
00000505.png (480,640,3)
00000506.png (480,640,3)
00000513.png (480,640,3)
00000526.png (480,640,3)
00000527.png (480,640,3)
00000528.png (480,640,3)
00000529.png (480,640,3)
00000533.png (480,640,3)
00000534.png (480,640,3)
00000535.png (480,640,3)
00000539.png (480,640,3)
00000540.png (480,640,3)
00000541.png (480,640,3)
00000542.png (480,640,3)
00000543.png (480,640,3)
00000544.png (480,640,3)
00000545.png (480,640,3)
00000546.png (480,640,3)
00000547.png (480,640,3)
00000551.png (480,640,3)
00000552.png (480,640,3)
00000553.png (480,640,3)
00000571.png (480,640,3)
00000572.png (480,640,3)
00000573.png (480,640,3)
00000574.png (480,640,3)
00000575.png (480,640,3)
00000576.png (480,640,3)
00000577.png (480,640,3)
00000583.png (480,640,3)
00000584.png (480,640,3)
00000585.png (480,640,3)
00000586.png (480,640,3)
00000587.png (480,640,3)
00000588.png (480,640,3)
00000589.png (480,640,3)
00000594.png (480,640,3)
00000595.png (480,640,3)
00000596.png (480,640,3)
00000597.png (480,640,3)
00000598.png (480,640,3)
00000599.png (480,640,3)
00000600.png (480,640,3)
00000601.png (480,640,3)
00000607.png (480,640,3)
00000608.png (480,640,3)
00000609.png (480,640,3)
00000610.png (480,640,3)
00000613.png (480,640,3)
00000614.png (480,640,3)
00000615.png (480,640,3)
00000621.png (480,640,3)
00000622.png (480,640,3)
00000623.png (480,640,3)
00000624.png (480,640,3)
00000625.png (480,640,3)
00000626.png (480,640,3)
00000627.png (480,640,3)
00000628.png (480,640,3)
00000629.png (480,640,3)
00000630.png (480,640,3)
00000631.png (480,640,3)
00000638.png (480,640,3)
00000639.png (480,640,3)
00000640.png (480,640,3)
00000641.png (480,640,3)
00000642.png (480,640,3)
00000645.png (480,640,3)
00000646.png (480,640,3)
00000647.png (480,640,3)
00000648.png (480,640,3)
00000651.png (480,640,3)
00000652.png (480,640,3)
00000653.png (480,640,3)
00000654.png (480,640,3)
00000658.png (480,640,3)
00000659.png (480,640,3)
00000660.png (480,640,3)
00000661.png (480,640,3)
00000664.png (480,640,3)
00000665.png (480,640,3)
00000666.png (480,640,3)
00000673.png (480,640,3)
00000674.png (480,640,3)
00000681.png (480,640,3)
00000682.png (480,640,3)
00000683.png (480,640,3)
00000684.png (480,640,3)
00000690.png (480,640,3)
00000691.png (480,640,3)
00000694.png (480,640,3)
00000695.png (480,640,3)
00000699.png (480,640,3)
00000700.png (480,640,3)
00000701.png (480,640,3)
00000702.png (480,640,3)
00000703.png (480,640,3)
00000704.png (480,640,3)
00000713.png (480,640,3)
00000714.png (480,640,3)
00000715.png (480,640,3)
00000718.png (480,640,3)
00000719.png (480,640,3)
00000720.png (480,640,3)
00000721.png (480,640,3)
00000722.png (480,640,3)
00000728.png (480,640,3)
00000729.png (480,640,3)
00000734.png (480,640,3)
00000735.png (480,640,3)
00000736.png (480,640,3)
00000737.png (480,640,3)
00000738.png (480,640,3)
00000739.png (480,640,3)
00000740.png (480,640,3)
00000741.png (480,640,3)
00000744.png (480,640,3)
00000745.png (480,640,3)
00000746.png (480,640,3)
00000747.png (480,640,3)
00000748.png (480,640,3)
00000749.png (480,640,3)
00000750.png (480,640,3)
00000751.png (480,640,3)
00000752.png (480,640,3)
00000753.png (480,640,3)
00000754.png (480,640,3)
00000755.png (480,640,3)
00000756.png (480,640,3)
00000757.png (480,640,3)
00000787.png (480,640,3)
00000788.png (480,640,3)
00000789.png (480,640,3)
00000790.png (480,640,3)
00000791.png (480,640,3)
00000792.png (480,640,3)
00000793.png (480,640,3)
00000794.png (480,640,3)
00000795.png (480,640,3)
00000796.png (480,640,3)
00000797.png (480,640,3)
00000798.png (480,640,3)
00000804.png (480,640,3)
00000805.png (480,640,3)
00000806.png (480,640,3)
00000807.png (480,640,3)
00000808.png (480,640,3)
00000814.png (480,640,3)
00000815.png (480,640,3)
00000816.png (480,640,3)
00000817.png (480,640,3)
00000818.png (480,640,3)
00000819.png (480,640,3)
00000823.png (480,640,3)
00000824.png (480,640,3)
00000825.png (480,640,3)
00000826.png (480,640,3)
00000827.png (480,640,3)
00000828.png (480,640,3)
00000829.png (480,640,3)
00000830.png (480,640,3)
00000831.png (480,640,3)
00000846.png (480,640,3)
00000847.png (480,640,3)
00000848.png (480,640,3)
00000852.png (480,640,3)
00000853.png (480,640,3)
00000854.png (480,640,3)
00000855.png (480,640,3)
00000862.png (480,640,3)
00000863.png (480,640,3)
00000864.png (480,640,3)
00000865.png (480,640,3)
00000866.png (480,640,3)
00000867.png (480,640,3)
00000871.png (480,640,3)
00000872.png (480,640,3)
00000873.png (480,640,3)
00000874.png (480,640,3)
00000875.png (480,640,3)
00000876.png (480,640,3)
00000877.png (480,640,3)
00000878.png (480,640,3)
00000879.png (480,640,3)
00000880.png (480,640,3)
00000881.png (480,640,3)
00000882.png (480,640,3)
00000883.png (480,640,3)
00000884.png (480,640,3)
00000885.png (480,640,3)
00000886.png (480,640,3)
00000887.png (480,640,3)
00000888.png (480,640,3)
00000889.png (480,640,3)
00000890.png (480,640,3)
00000891.png (480,640,3)
00000892.png (480,640,3)
00000893.png (480,640,3)
00000894.png (480,640,3)
00000895.png (480,640,3)
00000896.png (480,640,3)
00000897.png (480,640,3)
00000898.png (480,640,3)
00000899.png (480,640,3)
00000900.png (480,640,3)
00000901.png (480,640,3)
00000902.png (480,640,3)
00000903.png (480,640,3)
00000904.png (480,640,3)
00000908.png (480,640,3)
00000909.png (480,640,3)
00000910.png (480,640,3)
00000911.png (480,640,3)
00000912.png (480,640,3)
00000913.png (480,640,3)
00000914.png (480,640,3)
00000915.png (480,640,3)
00000919.png (480,640,3)
00000920.png (480,640,3)
00000921.png (480,640,3)
00000922.png (480,640,3)
00000923.png (480,640,3)
00000924.png (480,640,3)
00000928.png (480,640,3)
00000929.png (480,640,3)
00000930.png (480,640,3)
00000935.png (480,640,3)
00000936.png (480,640,3)
00000937.png (480,640,3)
00000938.png (480,640,3)
00000939.png (480,640,3)
00000940.png (480,640,3)
00000941.png (480,640,3)
00000942.png (480,640,3)
00000943.png (480,640,3)
00000947.png (480,640,3)
00000948.png (480,640,3)
00000949.png (480,640,3)
00000950.png (480,640,3)
00000951.png (480,640,3)
00000952.png (480,640,3)
00000953.png (480,640,3)
00000954.png (480,640,3)
00000955.png (480,640,3)
00000956.png (480,640,3)
00000957.png (480,640,3)
00000962.png (480,640,3)
00000963.png (480,640,3)
00000967.png (480,640,3)
00000968.png (480,640,3)
00000977.png (480,640,3)
00000978.png (480,640,3)
00000979.png (480,640,3)
00000980.png (480,640,3)
00000981.png (480,640,3)
00000982.png (480,640,3)
00000983.png (480,640,3)
00000984.png (480,640,3)
00000985.png (480,640,3)
00000986.png (480,640,3)
00000987.png (480,640,3)
00000988.png (480,640,3)
00000989.png (480,640,3)
00000995.png (480,640,3)
00000996.png (480,640,3)
00000997.png (480,640,3)
00000998.png (480,640,3)
00000999.png (480,640,3)
00001004.png (480,640,3)
00001005.png (480,640,3)
00001006.png (480,640,3)
00001007.png (480,640,3)
00001008.png (480,640,3)
00001012.png (480,640,3)
00001013.png (480,640,3)
00001014.png (480,640,3)
00001015.png (480,640,3)
00001016.png (480,640,3)
00001017.png (480,640,3)
00001018.png (480,640,3)
00001019.png (480,640,3)
00001023.png (480,640,3)
00001024.png (480,640,3)
00001025.png (480,640,3)
00001026.png (480,640,3)
00001027.png (480,640,3)
00001028.png (480,640,3)
00001029.png (480,640,3)
00001030.png (480,640,3)
00001034.png (480,640,3)
00001035.png (480,640,3)
00001036.png (480,640,3)
00001039.png (480,640,3)
00001040.png (480,640,3)
00001041.png (480,640,3)
00001042.png (480,640,3)
00001043.png (480,640,3)
00001044.png (480,640,3)
00001045.png (480,640,3)
00001046.png (480,640,3)
00001049.png (480,640,3)
00001050.png (480,640,3)
00001053.png (480,640,3)
00001054.png (480,640,3)
00001055.png (480,640,3)
00001058.png (480,640,3)
00001059.png (480,640,3)
00001060.png (480,640,3)
00001061.png (480,640,3)
00001062.png (480,640,3)
00001063.png (480,640,3)
00001064.png (480,640,3)
00001065.png (480,640,3)
00001066.png (480,640,3)
00001067.png (480,640,3)
00001068.png (480,640,3)
00001069.png (480,640,3)
00001070.png (480,640,3)
00001071.png (480,640,3)
00001072.png (480,640,3)
00001073.png (480,640,3)
00001084.png (480,640,3)
00001085.png (480,640,3)
00001086.png (480,640,3)
00001096.png (480,640,3)
00001104.png (480,640,3)
00001109.png (480,640,3)
00001110.png (480,640,3)
00001111.png (480,640,3)
00001112.png (480,640,3)
00001113.png (480,640,3)
00001114.png (480,640,3)
00001115.png (480,640,3)
00001119.png (480,640,3)
00001120.png (480,640,3)
00001121.png (480,640,3)
00001131.png (480,640,3)
00001132.png (480,640,3)
00001133.png (480,640,3)
00001136.png (480,640,3)
00001137.png (480,640,3)
00001138.png (480,640,3)
00001139.png (480,640,3)
00001140.png (480,640,3)
00001141.png (480,640,3)
00001142.png (480,640,3)
00001158.png (480,640,3)
00001159.png (480,640,3)
00001160.png (480,640,3)
00001167.png (480,640,3)
00001168.png (480,640,3)
00001171.png (480,640,3)
00001172.png (480,640,3)
00001176.png (480,640,3)
00001177.png (480,640,3)
00001184.png (480,640,3)
00001185.png (480,640,3)
00001186.png (480,640,3)
00001187.png (480,640,3)
00001188.png (480,640,3)
00001189.png (480,640,3)
00001190.png (480,640,3)
00001196.png (480,640,3)
00001197.png (480,640,3)
00001198.png (480,640,3)
00001199.png (480,640,3)
00001212.png (480,640,3)
00001213.png (480,640,3)
00001214.png (480,640,3)
00001220.png (480,640,3)
00001221.png (480,640,3)
00001222.png (480,640,3)
00001223.png (480,640,3)
00001224.png (480,640,3)
00001230.png (480,640,3)
00001231.png (480,640,3)
00001235.png (480,640,3)
00001236.png (480,640,3)
00001237.png (480,640,3)
00001238.png (480,640,3)
00001239.png (480,640,3)
00001240.png (480,640,3)
00001241.png (480,640,3)
00001242.png (480,640,3)
00001243.png (480,640,3)
00001244.png (480,640,3)
00001245.png (480,640,3)
00001250.png (480,640,3)
00001251.png (480,640,3)
00001252.png (480,640,3)
00001265.png (480,640,3)
00001266.png (480,640,3)
00001267.png (480,640,3)
00001268.png (480,640,3)
00001269.png (480,640,3)
00001270.png (480,640,3)
00001271.png (480,640,3)
00001272.png (480,640,3)
00001273.png (480,640,3)
00001280.png (480,640,3)
00001281.png (480,640,3)
00001282.png (480,640,3)
00001283.png (480,640,3)
00001295.png (480,640,3)
00001299.png (480,640,3)
00001300.png (480,640,3)
00001308.png (480,640,3)
00001309.png (480,640,3)
00001310.png (480,640,3)
00001311.png (480,640,3)
00001312.png (480,640,3)
00001315.png (480,640,3)
00001316.png (480,640,3)
00001317.png (480,640,3)
00001318.png (480,640,3)
00001319.png (480,640,3)
00001320.png (480,640,3)
00001321.png (480,640,3)
00001322.png (480,640,3)
00001323.png (480,640,3)
00001324.png (480,640,3)
00001325.png (480,640,3)
00001326.png (480,640,3)
00001327.png (480,640,3)
00001332.png (480,640,3)
00001333.png (480,640,3)
00001340.png (480,640,3)
00001341.png (480,640,3)
00001342.png (480,640,3)
00001343.png (480,640,3)
00001344.png (480,640,3)
00001345.png (480,640,3)
00001349.png (480,640,3)
00001350.png (480,640,3)
00001351.png (480,640,3)
00001356.png (480,640,3)
00001357.png (480,640,3)
00001358.png (480,640,3)
00001359.png (480,640,3)
00001360.png (480,640,3)
00001361.png (480,640,3)
00001362.png (480,640,3)
00001365.png (480,640,3)
00001366.png (480,640,3)
00001369.png (480,640,3)
00001370.png (480,640,3)
00001371.png (480,640,3)
00001372.png (480,640,3)
00001373.png (480,640,3)
00001374.png (480,640,3)
00001375.png (480,640,3)
00001376.png (480,640,3)
00001377.png (480,640,3)
00001378.png (480,640,3)
00001379.png (480,640,3)
00001380.png (480,640,3)
00001381.png (480,640,3)
00001382.png (480,640,3)
00001391.png (480,640,3)
00001392.png (480,640,3)
00001401.png (480,640,3)
00001402.png (480,640,3)
00001403.png (480,640,3)
00001404.png (480,640,3)
00001405.png (480,640,3)
00001414.png (480,640,3)
00001415.png (480,640,3)
00001416.png (480,640,3)
00001417.png (480,640,3)
00001418.png (480,640,3)
00001419.png (480,640,3)
00001424.png (480,640,3)
00001425.png (480,640,3)
00001426.png (480,640,3)
00001427.png (480,640,3)
00001428.png (480,640,3)
00001433.png (480,640,3)
00001434.png (480,640,3)
00001435.png (480,640,3)
00001436.png (480,640,3)
00001437.png (480,640,3)
00001438.png (480,640,3)
00001439.png (480,640,3)
